UNITS MM,10000;
EDIT proj;
ADD P1 :W0.000000  -2.9964,2.6900 -0.4964,2.6900 -0.4964,3.2524 -2.9964,3.2524;
ADD P1 :W0.000000  0.0660,3.2524 -0.4964,3.2524 -0.4964,2.6899 0.0660,2.6899;
ADD P1 :W0.000000  0.0660,-1.8725 15.2591,-1.8725 15.2591,-1.3101 0.0660,-1.3101;
ADD P1 :W0.000000  0.0660,7.2524 15.2591,7.2524 15.2591,7.8148 0.0660,7.8148;
ADD P1 :W0.000000  16.2071,7.8148 15.2591,7.8148 15.2591,7.2523 16.2071,7.2523;
ADD P1 :W0.000000  16.2071,-1.3101 15.2591,-1.3101 15.2591,-1.8726 16.2071,-1.8726;
ADD P1 :W0.000000  15.8625,11.8148 31.3592,11.8148 31.3592,12.0736 15.8625,12.0736;
ADD P1 :W0.000000  16.2071,5.3043 34.0146,5.3043 34.0146,6.2523 16.2071,6.2523;
ADD P1 :W0.000000  16.2071,-0.3101 34.0146,-0.3101 34.0146,0.6379 16.2071,0.6379;
ADD P1 :W0.000000  15.8625,-6.1314 31.3592,-6.1314 31.3592,-5.8726 15.8625,-5.8726;
ADD P1 :W0.000000  0.0660,7.8148 -0.4965,7.8148 -0.4965,7.2524 0.0660,7.2524;
ADD P1 :W0.000000  0.0660,3.2524 0.0660,7.2524 -0.4964,7.2524 -0.4964,3.2524;
ADD P1 :W0.000000  -0.4964,2.6899 -0.4964,-1.3101 0.0660,-1.3101 0.0660,2.6899;
ADD P1 :W0.000000  -0.4964,-1.3101 -0.4964,-1.8726 0.0660,-1.8726 0.0660,-1.3101;
ADD P1 :W0.000000  15.8625,7.8148 15.8625,11.8148 15.6037,11.8148 15.6037,7.8148;
ADD P1 :W0.000000  15.2591,7.2523 15.2591,6.2523 16.2071,6.2523 16.2071,7.2523;
ADD P1 :W0.000000  15.2591,-0.3101 15.2591,-1.3101 16.2071,-1.3101 16.2071,-0.3101;
ADD P1 :W0.000000  15.8625,-5.8726 15.8625,-1.8726 15.6037,-1.8726 15.6037,-5.8726;
ADD P1 :W0.000000  16.2071,5.3043 15.2590,5.3043 15.2590,6.2523 16.2071,6.2523;
ADD P1 :W0.000000  16.2071,0.6379 15.2590,0.6379 15.2590,-0.3101 16.2071,-0.3101;
ADD P1 :W0.000000  15.8625,12.0736 15.6036,12.0736 15.6036,11.8148 15.8625,11.8148;
ADD P1 :W0.000000  15.8625,-6.1314 15.6036,-6.1314 15.6036,-5.8726 15.8625,-5.8726;
ADD P1 :W0.000000  50.6943,10.8988 33.1568,10.8988 33.1568,9.1012 50.6943,9.1012;
ADD P1 :W0.000000  33.1568,-4.9566 50.6943,-4.9566 50.6943,-3.1590 33.1568,-3.1590;
ADD P1 :W0.000000  32.3108,-9.2326 49.4608,-9.2326 49.4608,-9.1270 32.3108,-9.1270;
ADD P1 :W0.000000  32.3108,15.0692 49.4608,15.0692 49.4608,15.1748 32.3108,15.1748;
ADD P1 :W0.000000  32.5705,12.5692 31.3592,12.5692 31.3592,11.3192 33.1568,11.3192 33.1568,11.9442 32.5705,11.9442;
ADD P1 :W0.000000  33.1568,-5.3770 31.3592,-5.3770 31.3592,-6.6270 32.5705,-6.6270 32.5705,-6.0020 33.1568,-6.0020;
ADD P1 :W0.000000  33.1568,-5.3770 33.1568,-4.9566 31.3592,-4.9566 31.3592,-5.3770;
ADD P1 :W0.000000  31.3592,11.3192 31.3592,10.8988 33.1568,10.8988 33.1568,11.3192;
ADD P1 :W0.000000  31.3592,10.8988 31.3592,9.1011 33.1568,9.1011 33.1568,10.8988;
ADD P1 :W0.000000  31.3592,-4.9566 31.3592,-3.1589 33.1568,-3.1589 33.1568,-4.9566;
ADD P1 :W0.000000  32.3108,12.5692 32.3108,15.0692 32.2052,15.0692 32.2052,12.5692;
ADD P1 :W0.000000  32.2052,-6.6270 32.2052,-9.1270 32.3108,-9.1270 32.3108,-6.6270;
ADD P1 :W0.000000  32.3108,15.1748 32.2052,15.1748 32.2052,15.0692 32.3108,15.0692;
ADD P1 :W0.000000  32.3108,-9.2326 32.2052,-9.2326 32.2052,-9.1270 32.3108,-9.1270;
SAVE;
